#Valores de divisas al 23/03/2023
Pesos_Dolar = 0.0048601330415376
Pesos_DolarAustraliano = 0.0072694863069195
Pesos_Euro = 0.004486
Pesos_Libra = 0.0039559082892416
Pesos_Real = 0.025753635418999
Pesos_Yen = 0.63577097505669
Pesos_PesoMexicano = 0.090250673962902
Pesos_PesoUruguayo = 0.18952260245036
Pesos_Yuan = 0.033152519325421

Dolar_Pesos = 205.75568435132
Dolar_DolarAustraliano = 1.4957381299627
Dolar_Euro = 0.92302
Dolar_Libra = 	0.81395061728395
Dolar_Real = 5.2989568801704
Dolar_Yen = 130.81349206349
Dolar_PesoMexicano = 18.569589184404
Dolar_PesoUruguayo = 38.995352767216
Dolar_Yuan = 6.8213193017722

Euro_Pesos = 222.91573785109
Euro_Dolar = 1.0834001430088
Euro_DolarAustraliano = 1.6204829039054
Euro_Libra = 0.88183421516755
Euro_Real = 5.7408906417742
Euro_Yen = 	141.72335600907
Euro_PesoMexicano = 	20.118295577999
Euro_PesoUruguayo = 42.247570764681
Euro_Yuan = 7.3902183070488

Libra_Pesos = 252.78644672314
Libra_Dolar = 1.228575762172
Libra_DolarAustraliano = 1.8376276130287
Libra_Euro = 1.134
Libra_Real = 6.5101699877719
Libra_Yen = 	160.71428571429
Libra_PesoMexicano = 	22.81414718545
Libra_PesoUruguayo = 47.908745247148
Libra_Yuan = 8.3805075601933

Real_Pesos = 	38.829469460544
Real_Dolar = 0.18871638751056
Real_DolarAustraliano = 0.28227029654837
Real_Euro = 0.174189
Real_Libra = 	0.15360582010582
Real_Yen = 24.686649659864
Real_PesoMexicano = 3.504385788436
Real_PesoUruguayo = 7.359062103929
Real_Yuan = 1.2872947366865

Yen_Pesos = 1.5728934462773
Yen_Dolar = 0.0076444714090702
Yen_DolarAustraliano = 0.011434127369956
Yen_Euro = 0.007056
Yen_Libra = 0.0062222222222222
Yen_Real = 0.040507724368359
Yen_PesoMexicano = 0.14195469359836
Yen_PesoUruguayo = 	0.29809885931559
Yen_Yuan = 0.052145380374536

PesoMexicano_Pesos = 11.080249665626
PesoMexicano_Dolar = 0.053851487508396
PesoMexicano_DolarAustraliano = 0.08054772322152
PesoMexicano_Euro = 0.049706
PesoMexicano_Libra = 0.043832451499118
PesoMexicano_Real = 0.28535671024003
PesoMexicano_Yen = 7.0445011337868
PesoMexicano_PesoUruguayo = 2.0999577524292
PesoMexicano_Yuan = 0.36733819117017

PesoUruguayo_Pesos = 5.2764155149354
PesoUruguayo_Dolar = 0.025644081385019
PesoUruguayo_DolarAustraliano = 0.03835683033544
PesoUruguayo_Yen = 3.3545918367347
PesoUruguayo_Euro = 0.02367
PesoUruguayo_Libra = 0.020873015873016
PesoUruguayo_Real = 0.13588688149079
PesoUruguayo_PesoMexicano = 0.47620005633123
PesoUruguayo_Yuan = 0.17492646732784

Yuan_Pesos = 30.163620151583
Yuan_Dolar = 0.1465992069511
Yuan_DolarAustraliano = 0.21927402365905
Yuan_Yen = 19.177154195011
Yuan_Euro = 0.135314
Yuan_Libra = 0.11932451499118
Yuan_Real = 0.77682287630103
Yuan_PesoMexicano = 2.7222870478413
Yuan_PesoUruguayo = 5.716687790452