#Valores de divisas
Pesos_Dolar = 0.0049483748184612
Pesos_DolarAustraliano = 0.0074008669128271
Pesos_Euro = 	0.00461
Pesos_Libra = 0.0040702807699099
Pesos_Real = 0.025997608896709
Pesos_Yen = 0.66436085891339
Pesos_PesoMexicano = 0.091979249800479
Pesos_PesoUruguayo = 0.19777611194403
Pesos_Yuan = 0.034882952233346